Classe 0: 
Mean: 
-0.044879 -0.162465 0.229566 -0.868465
Covariance: 
0.146726 -0.048686 0.005145 -0.009775
-0.048686 0.163080 -0.010699 0.002654
0.005145 -0.010699 0.061618 0.002342
-0.009775 0.002654 0.002342 0.003742
Classe 1: 
Mean: 
-0.395209 -0.088221 -0.076506 -0.885651
Covariance: 
0.062638 -0.029600 -0.004377 -0.001529
-0.029600 0.111504 -0.004765 0.009541
-0.004377 -0.004765 0.052550 0.001798
-0.001529 0.009541 0.001798 0.002784
Classe 2: 
Mean: 
-0.261438 -0.558928 0.095359 -0.842629
Covariance: 
0.124231 0.001908 0.007348 0.003879
0.001908 0.030079 -0.005064 -0.002589
0.007348 -0.005064 0.025205 0.002087
0.003879 -0.002589 0.002087 0.001430
