Mean: 
-0.440880 -0.318357 -0.300405 -0.384051 -0.108287 -0.139603 0.179549
Covariance: 
0.191977 -0.144054 -0.062112 0.033257 -0.071967 0.041269 -0.068947
-0.144054 0.170296 0.062689 -0.014093 0.062839 -0.023311 0.058802
-0.062112 0.062689 0.214400 -0.022816 0.176813 -0.025677 0.031028
0.033257 -0.014093 -0.022816 0.171760 -0.059055 0.186750 -0.008617
-0.071967 0.062839 0.176813 -0.059055 0.255585 -0.062672 0.034099
0.041269 -0.023311 -0.025677 0.186750 -0.062672 0.226363 -0.018861
-0.068947 0.058802 0.031028 -0.008617 0.034099 -0.018861 0.166103
