Mean: 
-0.733400 -0.494910 -0.318357 -0.758509 0.717733 -0.930907
Covariance: 
0.079635 0.096717 -0.071828 -0.014449 -0.065217 -0.003824
0.096717 0.130917 -0.119146 -0.026602 -0.089135 -0.007524
-0.071828 -0.119146 0.170296 0.054264 0.081554 0.020891
-0.014449 -0.026602 0.054264 0.066545 0.023009 0.041418
-0.065217 -0.089135 0.081554 0.023009 0.079273 0.007010
-0.003824 -0.007524 0.020891 0.041418 0.007010 0.031876
