Mean: 
-0.233888 -0.071957 -0.115250 -0.248598 -0.060996 -0.209598 -0.227515 -0.227515 -0.227515 -0.428181 0.031720 -0.242430 0.030002 -0.443454 0.081635
Covariance: 
0.093995 0.064739 0.040702 0.089831 0.061034 0.042731 0.018038 0.018038 0.018038 0.074203 0.109379 0.059960 0.067339 0.038305 0.046207
0.064739 0.092797 0.082702 0.062722 0.088807 0.086549 0.011790 0.011790 0.011790 0.054040 0.076051 0.086195 0.095973 0.070680 0.096112
0.040702 0.082702 0.125825 0.037994 0.078046 0.129692 0.006382 0.006382 0.006382 0.036869 0.048023 0.080120 0.084030 0.106376 0.145135
0.089831 0.062722 0.037994 0.097256 0.069259 0.047147 0.002479 0.002479 0.002479 0.074586 0.098520 0.062767 0.060077 0.038186 0.040806
0.061034 0.088807 0.078046 0.069259 0.098099 0.092183 -0.005876 -0.005876 -0.005876 0.055128 0.065333 0.088176 0.084989 0.069712 0.087179
0.042731 0.086549 0.129692 0.047147 0.092183 0.146902 -0.010029 -0.010029 -0.010029 0.042916 0.044949 0.090594 0.080514 0.114698 0.143991
0.018038 0.011790 0.006382 0.002479 -0.005876 -0.010029 0.124336 0.124336 0.124336 -0.023048 0.060501 -0.037479 0.052980 -0.028269 0.039354
0.018038 0.011790 0.006382 0.002479 -0.005876 -0.010029 0.124336 0.124336 0.124336 -0.023048 0.060501 -0.037479 0.052980 -0.028269 0.039354
0.018038 0.011790 0.006382 0.002479 -0.005876 -0.010029 0.124336 0.124336 0.124336 -0.023048 0.060501 -0.037479 0.052980 -0.028269 0.039354
0.074203 0.054040 0.036869 0.074586 0.055128 0.042916 -0.023048 -0.023048 -0.023048 0.077966 0.066739 0.070089 0.039710 0.045365 0.031109
0.109379 0.076051 0.048023 0.098520 0.065333 0.044949 0.060501 0.060501 0.060501 0.066739 0.158235 0.050115 0.105207 0.034435 0.072189
0.059960 0.086195 0.080120 0.062767 0.088176 0.090594 -0.037479 -0.037479 -0.037479 0.070089 0.050115 0.109133 0.065758 0.087656 0.076132
0.067339 0.095973 0.084030 0.060077 0.084989 0.080514 0.052980 0.052980 0.052980 0.039710 0.105207 0.065758 0.130670 0.056366 0.121719
0.038305 0.070680 0.106376 0.038186 0.069712 0.114698 -0.028269 -0.028269 -0.028269 0.045365 0.034435 0.087656 0.056366 0.110464 0.105505
0.046207 0.096112 0.145135 0.040806 0.087179 0.143991 0.039354 0.039354 0.039354 0.031109 0.072189 0.076132 0.121719 0.105505 0.195035
