Mean: 
-0.083834 -0.223286 0.055009 -0.277493 -0.277493 -0.277493
Covariance: 
0.096244 -0.001628 -0.011308 0.073234 0.073234 0.073234
-0.001628 0.050125 -0.003011 -0.020027 -0.020027 -0.020027
-0.011308 -0.003011 0.066043 -0.033371 -0.033371 -0.033371
0.073234 -0.020027 -0.033371 0.100712 0.100712 0.100712
0.073234 -0.020027 -0.033371 0.100712 0.100712 0.100712
0.073234 -0.020027 -0.033371 0.100712 0.100712 0.100712
