Classe 0: 
Mean: 
-0.448482 0.219534 0.204922 0.269796
Covariance: 
0.087173 0.063421 0.032799 0.005523
0.063421 0.135301 0.061542 -0.008763
0.032799 0.061542 0.103908 0.105173
0.005523 -0.008763 0.105173 0.200085
Classe 1: 
Mean: 
-0.571421 0.017519 0.074443 -0.181883
Covariance: 
0.059478 0.049340 0.028387 0.023134
0.049340 0.092642 0.064295 0.049211
0.028387 0.064295 0.067912 0.055714
0.023134 0.049211 0.055714 0.102415
Classe 2: 
Mean: 
-0.419366 0.302377 0.266405 0.265035
Covariance: 
0.034328 0.018289 0.013826 0.011851
0.018289 0.070357 0.069181 0.063237
0.013826 0.069181 0.083035 0.084526
0.011851 0.063237 0.084526 0.103797
