Classe 0: 
Mean: 
-0.248462 -0.984407 -0.965520 -0.965933 -0.964098
Covariance: 
0.110873 -0.000844 0.001205 0.000731 -0.000047
-0.000844 0.000070 0.000051 0.000026 0.000004
0.001205 0.000051 0.000108 0.000049 -0.000007
0.000731 0.000026 0.000049 0.000083 0.000084
-0.000047 0.000004 -0.000007 0.000084 0.000160
Classe 1: 
Mean: 
-0.248672 -0.987883 -0.971231 -0.969622 -0.976869
Covariance: 
0.117587 -0.000614 0.001261 0.001176 0.001056
-0.000614 0.000048 0.000039 0.000023 0.000018
0.001261 0.000039 0.000074 0.000051 0.000039
0.001176 0.000023 0.000051 0.000054 0.000045
0.001056 0.000018 0.000039 0.000045 0.000082
Classe 2: 
Mean: 
-0.047158 -0.983583 -0.963177 -0.964194 -0.964233
Covariance: 
0.090721 -0.000603 0.001027 0.001231 0.001241
-0.000603 0.000027 0.000015 0.000011 0.000009
0.001027 0.000015 0.000056 0.000055 0.000051
0.001231 0.000011 0.000055 0.000066 0.000068
0.001241 0.000009 0.000051 0.000068 0.000083
