Classe 0: 
Mean: 
-0.872883 -0.999866 0.355173 -0.935501 -0.931514
Covariance: 
0.011857 -0.000002 0.003167 0.000148 0.000696
-0.000002 0.000000 0.000002 0.000001 0.000001
0.003167 0.000002 0.273074 0.003506 0.002188
0.000148 0.000001 0.003506 0.000594 0.000341
0.000696 0.000001 0.002188 0.000341 0.000982
Classe 1: 
Mean: 
-0.404496 -0.999999 0.358991 -0.945871 -0.956807
Covariance: 
0.083364 -0.000000 0.006903 0.003021 0.001893
-0.000000 0.000000 0.000000 -0.000000 -0.000000
0.006903 0.000000 0.294370 0.004034 0.002958
0.003021 -0.000000 0.004034 0.000453 0.000273
0.001893 -0.000000 0.002958 0.000273 0.000369
Classe 2: 
Mean: 
-0.782606 -0.999915 0.707404 -0.931588 -0.933774
Covariance: 
0.007916 0.000001 0.006657 0.000722 0.000472
0.000001 0.000000 0.000002 0.000000 0.000000
0.006657 0.000002 0.142497 0.002224 0.002336
0.000722 0.000000 0.002224 0.000320 0.000284
0.000472 0.000000 0.002336 0.000284 0.000371
