Mean: 
-0.181431 -0.985291 -0.966643 -0.984185 -0.966583 -0.985560 -0.968400
Covariance: 
0.115175 -0.000571 0.001395 -0.000732 0.001204 -0.000706 0.001029
-0.000571 0.000052 0.000041 0.000037 0.000024 0.000030 0.000022
0.001395 0.000041 0.000091 0.000024 0.000060 0.000021 0.000047
-0.000732 0.000037 0.000024 0.000045 0.000032 0.000046 0.000042
0.001204 0.000024 0.000060 0.000032 0.000073 0.000035 0.000078
-0.000706 0.000030 0.000021 0.000046 0.000035 0.000074 0.000074
0.001029 0.000022 0.000047 0.000042 0.000078 0.000074 0.000144
