Classe 0: 
Mean: 
-0.961990 -0.393093 -0.984559 -0.984258 -0.575664 -0.980543 -0.989920 -0.980837 -0.989059 -0.979900 -0.888885 -0.995721 -0.991998 -0.999949 -0.999955 -0.999946 -0.999956 -0.999932 -0.999996 -0.999961 -0.999936 -0.999972 -0.999941 -0.999911 -0.999465 -0.999951
Covariance: 
0.001276 0.011970 0.000096 0.000096 0.002567 0.000121 0.000063 0.000135 0.000062 0.000137 0.000641 0.000026 0.000054 0.000000 0.000000 0.000000 0.000000 0.000000 0.000000 0.000000 0.000000 0.000000 0.000000 0.000001 0.000012 -0.000000
0.011970 0.180519 0.001292 0.001329 0.039574 0.001556 0.000735 0.001734 0.000785 0.001803 0.009091 0.000305 0.000696 0.000004 0.000003 0.000005 0.000003 0.000005 0.000000 0.000003 0.000006 0.000001 0.000005 0.000007 0.000136 0.000001
0.000096 0.001292 0.000079 0.000085 0.001016 0.000057 0.000047 0.000078 0.000062 0.000100 0.000559 0.000019 0.000030 0.000000 0.000000 0.000000 0.000000 0.000000 0.000000 0.000000 0.000000 -0.000000 0.000000 0.000000 0.000001 0.000000
0.000096 0.001329 0.000085 0.000093 0.001045 0.000059 0.000050 0.000083 0.000065 0.000106 0.000601 0.000020 0.000031 0.000000 0.000000 0.000000 0.000000 0.000000 0.000000 0.000000 0.000000 -0.000000 0.000000 0.000000 0.000001 0.000000
0.002567 0.039574 0.001016 0.001045 0.071663 0.001939 0.000432 0.001804 0.000448 0.001553 0.010587 0.000189 0.000745 0.000003 0.000005 0.000003 0.000005 0.000006 0.000001 0.000001 0.000003 0.000003 0.000007 0.000009 0.000039 0.000003
0.000121 0.001556 0.000057 0.000059 0.001939 0.000111 0.000044 0.000090 0.000040 0.000073 0.000445 0.000019 0.000038 0.000000 0.000000 0.000000 0.000000 0.000000 0.000000 0.000000 0.000000 0.000000 0.000000 0.000000 0.000001 0.000000
0.000063 0.000735 0.000047 0.000050 0.000432 0.000044 0.000038 0.000050 0.000041 0.000055 0.000337 0.000016 0.000019 0.000000 0.000000 0.000000 0.000000 0.000000 0.000000 0.000000 0.000000 -0.000000 0.000000 0.000000 0.000001 0.000000
0.000135 0.001734 0.000078 0.000083 0.001804 0.000090 0.000050 0.000100 0.000056 0.000102 0.000598 0.000021 0.000039 0.000000 0.000000 0.000000 0.000000 0.000000 0.000000 0.000000 0.000000 0.000000 0.000000 0.000000 0.000002 0.000000
0.000062 0.000785 0.000062 0.000065 0.000448 0.000040 0.000041 0.000056 0.000055 0.000072 0.000429 0.000017 0.000021 0.000000 0.000000 0.000000 0.000000 0.000000 0.000000 0.000000 0.000000 -0.000000 0.000000 0.000000 0.000001 0.000000
0.000137 0.001803 0.000100 0.000106 0.001553 0.000073 0.000055 0.000102 0.000072 0.000131 0.000708 0.000022 0.000039 0.000000 0.000000 0.000000 0.000000 0.000000 0.000000 0.000000 0.000000 -0.000000 0.000000 0.000000 0.000002 0.000000
0.000641 0.009091 0.000559 0.000601 0.010587 0.000445 0.000337 0.000598 0.000429 0.000708 0.004512 0.000135 0.000227 0.000002 0.000001 0.000002 0.000001 0.000002 0.000000 0.000001 0.000002 0.000000 0.000001 0.000002 0.000009 0.000001
0.000026 0.000305 0.000019 0.000020 0.000189 0.000019 0.000016 0.000021 0.000017 0.000022 0.000135 0.000007 0.000008 0.000000 0.000000 0.000000 0.000000 0.000000 0.000000 0.000000 0.000000 0.000000 0.000000 0.000000 0.000000 0.000000
0.000054 0.000696 0.000030 0.000031 0.000745 0.000038 0.000019 0.000039 0.000021 0.000039 0.000227 0.000008 0.000016 0.000000 0.000000 0.000000 0.000000 0.000000 0.000000 0.000000 0.000000 0.000000 0.000000 0.000000 0.000001 0.000000
0.000000 0.000004 0.000000 0.000000 0.000003 0.000000 0.000000 0.000000 0.000000 0.000000 0.000002 0.000000 0.000000 0.000000 0.000000 0.000000 0.000000 0.000000 0.000000 0.000000 0.000000 -0.000000 0.000000 0.000000 0.000000 0.000000
0.000000 0.000003 0.000000 0.000000 0.000005 0.000000 0.000000 0.000000 0.000000 0.000000 0.000001 0.000000 0.000000 0.000000 0.000000 0.000000 0.000000 0.000000 0.000000 0.000000 0.000000 0.000000 0.000000 0.000000 0.000000 0.000000
0.000000 0.000005 0.000000 0.000000 0.000003 0.000000 0.000000 0.000000 0.000000 0.000000 0.000002 0.000000 0.000000 0.000000 0.000000 0.000000 0.000000 0.000000 0.000000 0.000000 0.000000 -0.000000 0.000000 0.000000 0.000000 0.000000
0.000000 0.000003 0.000000 0.000000 0.000005 0.000000 0.000000 0.000000 0.000000 0.000000 0.000001 0.000000 0.000000 0.000000 0.000000 0.000000 0.000000 0.000000 0.000000 0.000000 0.000000 0.000000 0.000000 0.000000 0.000000 0.000000
0.000000 0.000005 0.000000 0.000000 0.000006 0.000000 0.000000 0.000000 0.000000 0.000000 0.000002 0.000000 0.000000 0.000000 0.000000 0.000000 0.000000 0.000000 0.000000 0.000000 0.000000 0.000000 0.000000 0.000000 0.000000 0.000000
0.000000 0.000000 0.000000 0.000000 0.000001 0.000000 0.000000 0.000000 0.000000 0.000000 0.000000 0.000000 0.000000 0.000000 0.000000 0.000000 0.000000 0.000000 0.000000 -0.000000 0.000000 0.000000 0.000000 0.000000 0.000000 0.000000
0.000000 0.000003 0.000000 0.000000 0.000001 0.000000 0.000000 0.000000 0.000000 0.000000 0.000001 0.000000 0.000000 0.000000 0.000000 0.000000 0.000000 0.000000 -0.000000 0.000000 0.000000 0.000000 0.000000 0.000000 0.000000 0.000000
0.000000 0.000006 0.000000 0.000000 0.000003 0.000000 0.000000 0.000000 0.000000 0.000000 0.000002 0.000000 0.000000 0.000000 0.000000 0.000000 0.000000 0.000000 0.000000 0.000000 0.000000 -0.000000 0.000000 0.000000 0.000000 0.000000
0.000000 0.000001 -0.000000 -0.000000 0.000003 0.000000 -0.000000 0.000000 -0.000000 -0.000000 0.000000 0.000000 0.000000 -0.000000 0.000000 -0.000000 0.000000 0.000000 0.000000 0.000000 -0.000000 0.000000 0.000000 0.000000 0.000000 0.000000
0.000000 0.000005 0.000000 0.000000 0.000007 0.000000 0.000000 0.000000 0.000000 0.000000 0.000001 0.000000 0.000000 0.000000 0.000000 0.000000 0.000000 0.000000 0.000000 0.000000 0.000000 0.000000 0.000000 0.000000 0.000000 0.000000
0.000001 0.000007 0.000000 0.000000 0.000009 0.000000 0.000000 0.000000 0.000000 0.000000 0.000002 0.000000 0.000000 0.000000 0.000000 0.000000 0.000000 0.000000 0.000000 0.000000 0.000000 0.000000 0.000000 0.000000 0.000000 0.000000
0.000012 0.000136 0.000001 0.000001 0.000039 0.000001 0.000001 0.000002 0.000001 0.000002 0.000009 0.000000 0.000001 0.000000 0.000000 0.000000 0.000000 0.000000 0.000000 0.000000 0.000000 0.000000 0.000000 0.000000 0.000000 -0.000000
-0.000000 0.000001 0.000000 0.000000 0.000003 0.000000 0.000000 0.000000 0.000000 0.000000 0.000001 0.000000 0.000000 0.000000 0.000000 0.000000 0.000000 0.000000 0.000000 0.000000 0.000000 0.000000 0.000000 0.000000 -0.000000 0.000000
Classe 1: 
Mean: 
-0.831758 0.883863 -0.990668 -0.992132 -0.611308 -0.984415 -0.992303 -0.983468 -0.995239 -0.987356 -0.918314 -0.996877 -0.993273 -0.999969 -0.999953 -0.999972 -0.999954 -0.999955 -0.999997 -0.999979 -0.999962 -0.999971 -0.999936 -0.999935 -0.997747 -0.999989
Covariance: 
0.005981 0.001564 0.000158 0.000151 0.000473 0.000222 0.000214 0.000259 0.000126 0.000180 0.001238 0.000086 0.000104 0.000000 0.000001 0.000000 0.000001 0.000001 -0.000000 0.000000 0.000000 0.000000 0.000001 0.000001 0.000019 0.000000
0.001564 0.089379 -0.000342 -0.000309 -0.001993 -0.000499 -0.000445 -0.000502 -0.000303 -0.000265 -0.001600 -0.000179 -0.000209 -0.000001 -0.000002 -0.000001 -0.000002 -0.000002 0.000000 -0.000001 -0.000001 -0.000001 -0.000002 -0.000002 0.000034 -0.000001
0.000158 -0.000342 0.000026 0.000026 0.000239 0.000029 0.000024 0.000030 0.000021 0.000033 0.000139 0.000010 0.000012 0.000000 0.000000 0.000000 -0.000000 0.000000 -0.000000 0.000000 0.000000 -0.000000 -0.000000 0.000000 0.000001 0.000000
0.000151 -0.000309 0.000026 0.000028 0.000011 0.000029 0.000026 0.000029 0.000023 0.000031 0.000129 0.000011 0.000012 0.000000 -0.000000 0.000000 -0.000000 0.000000 -0.000000 0.000000 0.000000 -0.000000 -0.000000 0.000000 0.000001 0.000000
0.000473 -0.001993 0.000239 0.000011 0.033971 0.000408 -0.000027 0.000476 -0.000087 0.000489 0.003169 -0.000015 0.000193 0.000001 0.000002 0.000001 0.000002 0.000001 0.000000 0.000001 0.000002 0.000001 0.000003 0.000002 0.000027 0.000001
0.000222 -0.000499 0.000029 0.000029 0.000408 0.000050 0.000034 0.000045 0.000024 0.000035 0.000193 0.000015 0.000019 0.000000 0.000000 0.000000 0.000000 0.000000 0.000000 0.000000 0.000000 0.000000 0.000000 0.000000 0.000001 0.000000
0.000214 -0.000445 0.000024 0.000026 -0.000027 0.000034 0.000032 0.000034 0.000022 0.000026 0.000161 0.000013 0.000014 0.000000 0.000000 0.000000 0.000000 0.000000 -0.000000 0.000000 0.000000 0.000000 0.000000 0.000000 0.000001 0.000000
0.000259 -0.000502 0.000030 0.000029 0.000476 0.000045 0.000034 0.000047 0.000024 0.000039 0.000229 0.000014 0.000019 0.000000 0.000000 0.000000 0.000000 0.000000 -0.000000 0.000000 0.000000 0.000000 0.000000 0.000000 0.000001 0.000000
0.000126 -0.000303 0.000021 0.000023 -0.000087 0.000024 0.000022 0.000024 0.000020 0.000024 0.000101 0.000009 0.000010 0.000000 -0.000000 0.000000 -0.000000 0.000000 -0.000000 0.000000 0.000000 -0.000000 -0.000000 0.000000 0.000000 0.000000
0.000180 -0.000265 0.000033 0.000031 0.000489 0.000035 0.000026 0.000039 0.000024 0.000046 0.000181 0.000011 0.000016 0.000000 -0.000000 0.000000 -0.000000 0.000000 -0.000000 0.000000 0.000000 -0.000000 -0.000000 0.000000 0.000001 0.000000
0.001238 -0.001600 0.000139 0.000129 0.003169 0.000193 0.000161 0.000229 0.000101 0.000181 0.001412 0.000065 0.000090 0.000000 0.000000 0.000000 0.000000 0.000001 0.000000 0.000000 0.000000 0.000000 0.000000 0.000001 0.000006 0.000000
0.000086 -0.000179 0.000010 0.000011 -0.000015 0.000015 0.000013 0.000014 0.000009 0.000011 0.000065 0.000006 0.000006 0.000000 0.000000 0.000000 0.000000 0.000000 -0.000000 0.000000 0.000000 0.000000 0.000000 0.000000 0.000000 0.000000
0.000104 -0.000209 0.000012 0.000012 0.000193 0.000019 0.000014 0.000019 0.000010 0.000016 0.000090 0.000006 0.000008 0.000000 0.000000 0.000000 0.000000 0.000000 0.000000 0.000000 0.000000 0.000000 0.000000 0.000000 0.000001 0.000000
0.000000 -0.000001 0.000000 0.000000 0.000001 0.000000 0.000000 0.000000 0.000000 0.000000 0.000000 0.000000 0.000000 0.000000 0.000000 0.000000 0.000000 0.000000 0.000000 0.000000 0.000000 0.000000 0.000000 0.000000 0.000000 0.000000
0.000001 -0.000002 0.000000 -0.000000 0.000002 0.000000 0.000000 0.000000 -0.000000 -0.000000 0.000000 0.000000 0.000000 0.000000 0.000000 0.000000 0.000000 0.000000 0.000000 0.000000 0.000000 0.000000 0.000000 0.000000 0.000000 0.000000
0.000000 -0.000001 0.000000 0.000000 0.000001 0.000000 0.000000 0.000000 0.000000 0.000000 0.000000 0.000000 0.000000 0.000000 0.000000 0.000000 0.000000 0.000000 -0.000000 0.000000 0.000000 0.000000 0.000000 0.000000 0.000000 0.000000
0.000001 -0.000002 -0.000000 -0.000000 0.000002 0.000000 0.000000 0.000000 -0.000000 -0.000000 0.000000 0.000000 0.000000 0.000000 0.000000 0.000000 0.000000 0.000000 0.000000 0.000000 0.000000 0.000000 0.000000 0.000000 0.000000 0.000000
0.000001 -0.000002 0.000000 0.000000 0.000001 0.000000 0.000000 0.000000 0.000000 0.000000 0.000001 0.000000 0.000000 0.000000 0.000000 0.000000 0.000000 0.000000 0.000000 0.000000 0.000000 0.000000 0.000000 0.000000 0.000000 0.000000
-0.000000 0.000000 -0.000000 -0.000000 0.000000 0.000000 -0.000000 -0.000000 -0.000000 -0.000000 0.000000 -0.000000 0.000000 0.000000 0.000000 -0.000000 0.000000 0.000000 0.000000 -0.000000 0.000000 0.000000 0.000000 0.000000 0.000000 0.000000
0.000000 -0.000001 0.000000 0.000000 0.000001 0.000000 0.000000 0.000000 0.000000 0.000000 0.000000 0.000000 0.000000 0.000000 0.000000 0.000000 0.000000 0.000000 -0.000000 0.000000 0.000000 0.000000 0.000000 0.000000 0.000000 0.000000
0.000000 -0.000001 0.000000 0.000000 0.000002 0.000000 0.000000 0.000000 0.000000 0.000000 0.000000 0.000000 0.000000 0.000000 0.000000 0.000000 0.000000 0.000000 0.000000 0.000000 0.000000 -0.000000 0.000000 0.000000 0.000000 0.000000
0.000000 -0.000001 -0.000000 -0.000000 0.000001 0.000000 0.000000 0.000000 -0.000000 -0.000000 0.000000 0.000000 0.000000 0.000000 0.000000 0.000000 0.000000 0.000000 0.000000 0.000000 -0.000000 0.000000 0.000000 0.000000 0.000000 0.000000
0.000001 -0.000002 -0.000000 -0.000000 0.000003 0.000000 0.000000 0.000000 -0.000000 -0.000000 0.000000 0.000000 0.000000 0.000000 0.000000 0.000000 0.000000 0.000000 0.000000 0.000000 0.000000 0.000000 0.000000 0.000000 0.000000 0.000000
0.000001 -0.000002 0.000000 0.000000 0.000002 0.000000 0.000000 0.000000 0.000000 0.000000 0.000001 0.000000 0.000000 0.000000 0.000000 0.000000 0.000000 0.000000 0.000000 0.000000 0.000000 0.000000 0.000000 0.000000 0.000000 0.000000
0.000019 0.000034 0.000001 0.000001 0.000027 0.000001 0.000001 0.000001 0.000000 0.000001 0.000006 0.000000 0.000001 0.000000 0.000000 0.000000 0.000000 0.000000 0.000000 0.000000 0.000000 0.000000 0.000000 0.000000 0.000000 -0.000000
0.000000 -0.000001 0.000000 0.000000 0.000001 0.000000 0.000000 0.000000 0.000000 0.000000 0.000000 0.000000 0.000000 0.000000 0.000000 0.000000 0.000000 0.000000 0.000000 0.000000 0.000000 0.000000 0.000000 0.000000 -0.000000 0.000000
Classe 2: 
Mean: 
-0.935832 0.280473 -0.985300 -0.986855 -0.460589 -0.979287 -0.991060 -0.979901 -0.991227 -0.979931 -0.903054 -0.996171 -0.991706 -0.999960 -0.999979 -0.999963 -0.999983 -0.999946 -0.999994 -0.999981 -0.999941 -0.999993 -0.999969 -0.999917 -0.998578 -0.999964
Covariance: 
0.000960 0.009653 0.000130 0.000101 0.005559 0.000186 0.000077 0.000168 0.000078 0.000159 0.000777 0.000034 0.000071 0.000000 0.000000 0.000000 0.000000 0.000000 0.000000 0.000000 0.000001 0.000000 0.000000 0.000001 0.000015 0.000000
0.009653 0.245494 0.001953 0.001866 0.068733 0.002753 0.001153 0.002618 0.001113 0.002616 0.012848 0.000497 0.001092 0.000006 0.000003 0.000007 0.000002 0.000008 0.000001 0.000004 0.000010 0.000001 0.000004 0.000011 0.000251 0.000004
0.000130 0.001953 0.000042 0.000038 0.001379 0.000054 0.000024 0.000053 0.000026 0.000056 0.000275 0.000011 0.000022 0.000000 0.000000 0.000000 0.000000 0.000000 0.000000 0.000000 0.000000 0.000000 0.000000 0.000000 0.000002 0.000000
0.000101 0.001866 0.000038 0.000039 0.000968 0.000046 0.000024 0.000046 0.000026 0.000049 0.000249 0.000010 0.000019 0.000000 0.000000 0.000000 0.000000 0.000000 0.000000 0.000000 0.000000 0.000000 0.000000 0.000000 0.000002 0.000000
0.005559 0.068733 0.001379 0.000968 0.085010 0.002194 0.000511 0.002178 0.000608 0.002185 0.010507 0.000218 0.000883 0.000004 0.000002 0.000005 0.000002 0.000004 0.000001 0.000003 0.000006 0.000001 0.000003 0.000009 0.000114 0.000004
0.000186 0.002753 0.000054 0.000046 0.002194 0.000085 0.000030 0.000081 0.000031 0.000080 0.000369 0.000013 0.000033 0.000000 0.000000 0.000000 0.000000 0.000000 0.000000 0.000000 0.000000 0.000000 0.000000 0.000000 0.000004 0.000000
0.000077 0.001153 0.000024 0.000024 0.000511 0.000030 0.000019 0.000029 0.000018 0.000029 0.000150 0.000008 0.000012 0.000000 0.000000 0.000000 0.000000 0.000000 0.000000 0.000000 0.000000 0.000000 0.000000 0.000000 0.000001 0.000000
0.000168 0.002618 0.000053 0.000046 0.002178 0.000081 0.000029 0.000082 0.000030 0.000082 0.000379 0.000012 0.000033 0.000000 0.000000 0.000000 0.000000 0.000000 0.000000 0.000000 0.000000 0.000000 0.000000 0.000000 0.000003 0.000000
0.000078 0.001113 0.000026 0.000026 0.000608 0.000031 0.000018 0.000030 0.000020 0.000032 0.000163 0.000008 0.000012 0.000000 0.000000 0.000000 0.000000 0.000000 0.000000 0.000000 0.000000 0.000000 0.000000 0.000000 0.000001 0.000000
0.000159 0.002616 0.000056 0.000049 0.002185 0.000080 0.000029 0.000082 0.000032 0.000088 0.000400 0.000013 0.000033 0.000000 0.000000 0.000000 0.000000 0.000000 0.000000 0.000000 0.000000 0.000000 0.000000 0.000000 0.000003 0.000000
0.000777 0.012848 0.000275 0.000249 0.010507 0.000369 0.000150 0.000379 0.000163 0.000400 0.001999 0.000064 0.000153 0.000001 0.000000 0.000001 0.000000 0.000001 0.000000 0.000001 0.000001 0.000000 0.000000 0.000002 0.000016 0.000001
0.000034 0.000497 0.000011 0.000010 0.000218 0.000013 0.000008 0.000012 0.000008 0.000013 0.000064 0.000004 0.000005 0.000000 0.000000 0.000000 0.000000 0.000000 0.000000 0.000000 0.000000 0.000000 0.000000 0.000000 0.000001 0.000000
0.000071 0.001092 0.000022 0.000019 0.000883 0.000033 0.000012 0.000033 0.000012 0.000033 0.000153 0.000005 0.000013 0.000000 0.000000 0.000000 0.000000 0.000000 0.000000 0.000000 0.000000 0.000000 0.000000 0.000000 0.000001 0.000000
0.000000 0.000006 0.000000 0.000000 0.000004 0.000000 0.000000 0.000000 0.000000 0.000000 0.000001 0.000000 0.000000 0.000000 0.000000 0.000000 0.000000 0.000000 0.000000 0.000000 0.000000 0.000000 0.000000 0.000000 0.000000 0.000000
0.000000 0.000003 0.000000 0.000000 0.000002 0.000000 0.000000 0.000000 0.000000 0.000000 0.000000 0.000000 0.000000 0.000000 0.000000 0.000000 0.000000 0.000000 0.000000 0.000000 0.000000 0.000000 0.000000 0.000000 0.000000 0.000000
0.000000 0.000007 0.000000 0.000000 0.000005 0.000000 0.000000 0.000000 0.000000 0.000000 0.000001 0.000000 0.000000 0.000000 0.000000 0.000000 0.000000 0.000000 0.000000 0.000000 0.000000 0.000000 0.000000 0.000000 0.000000 0.000000
0.000000 0.000002 0.000000 0.000000 0.000002 0.000000 0.000000 0.000000 0.000000 0.000000 0.000000 0.000000 0.000000 0.000000 0.000000 0.000000 0.000000 0.000000 0.000000 0.000000 0.000000 0.000000 0.000000 0.000000 0.000000 0.000000
0.000000 0.000008 0.000000 0.000000 0.000004 0.000000 0.000000 0.000000 0.000000 0.000000 0.000001 0.000000 0.000000 0.000000 0.000000 0.000000 0.000000 0.000000 0.000000 0.000000 0.000000 0.000000 0.000000 0.000000 0.000000 0.000000
0.000000 0.000001 0.000000 0.000000 0.000001 0.000000 0.000000 0.000000 0.000000 0.000000 0.000000 0.000000 0.000000 0.000000 0.000000 0.000000 0.000000 0.000000 0.000000 0.000000 0.000000 0.000000 0.000000 0.000000 0.000000 0.000000
0.000000 0.000004 0.000000 0.000000 0.000003 0.000000 0.000000 0.000000 0.000000 0.000000 0.000001 0.000000 0.000000 0.000000 0.000000 0.000000 0.000000 0.000000 0.000000 0.000000 0.000000 0.000000 0.000000 0.000000 0.000000 0.000000
0.000001 0.000010 0.000000 0.000000 0.000006 0.000000 0.000000 0.000000 0.000000 0.000000 0.000001 0.000000 0.000000 0.000000 0.000000 0.000000 0.000000 0.000000 0.000000 0.000000 0.000000 0.000000 0.000000 0.000000 0.000000 0.000000
0.000000 0.000001 0.000000 0.000000 0.000001 0.000000 0.000000 0.000000 0.000000 0.000000 0.000000 0.000000 0.000000 0.000000 0.000000 0.000000 0.000000 0.000000 0.000000 0.000000 0.000000 0.000000 0.000000 0.000000 0.000000 0.000000
0.000000 0.000004 0.000000 0.000000 0.000003 0.000000 0.000000 0.000000 0.000000 0.000000 0.000000 0.000000 0.000000 0.000000 0.000000 0.000000 0.000000 0.000000 0.000000 0.000000 0.000000 0.000000 0.000000 0.000000 0.000000 0.000000
0.000001 0.000011 0.000000 0.000000 0.000009 0.000000 0.000000 0.000000 0.000000 0.000000 0.000002 0.000000 0.000000 0.000000 0.000000 0.000000 0.000000 0.000000 0.000000 0.000000 0.000000 0.000000 0.000000 0.000000 0.000000 0.000000
0.000015 0.000251 0.000002 0.000002 0.000114 0.000004 0.000001 0.000003 0.000001 0.000003 0.000016 0.000001 0.000001 0.000000 0.000000 0.000000 0.000000 0.000000 0.000000 0.000000 0.000000 0.000000 0.000000 0.000000 0.000000 0.000000
0.000000 0.000004 0.000000 0.000000 0.000004 0.000000 0.000000 0.000000 0.000000 0.000000 0.000001 0.000000 0.000000 0.000000 0.000000 0.000000 0.000000 0.000000 0.000000 0.000000 0.000000 0.000000 0.000000 0.000000 0.000000 0.000000
