Classe 0: 
Mean: 
-0.961201 -0.995923 -0.391033 -0.981037 -0.998839 -0.988508
Covariance: 
0.001288 -0.000031 0.012045 -0.000041 0.000001 0.000080
-0.000031 0.000034 -0.000072 0.000060 0.000001 0.000006
0.012045 -0.000072 0.181415 0.001795 0.000013 0.001069
-0.000041 0.000060 0.001795 0.000214 0.000003 0.000033
0.000001 0.000001 0.000013 0.000003 0.000002 0.000002
0.000080 0.000006 0.001069 0.000033 0.000002 0.000025
Classe 1: 
Mean: 
-0.831039 -0.997722 0.884678 -0.981561 -0.999200 -0.988165
Covariance: 
0.005967 -0.000029 0.001316 -0.000705 0.000006 0.000195
-0.000029 0.000002 -0.000056 0.000008 0.000001 0.000003
0.001316 -0.000056 0.087089 0.000678 0.000045 -0.000715
-0.000705 0.000008 0.000678 0.000189 -0.000000 -0.000020
0.000006 0.000001 0.000045 -0.000000 0.000001 0.000001
0.000195 0.000003 -0.000715 -0.000020 0.000001 0.000027
Classe 2: 
Mean: 
-0.934913 -0.996584 0.283393 -0.973974 -0.998929 -0.988414
Covariance: 
0.001000 0.000011 0.010004 -0.000006 0.000012 0.000119
0.000011 0.000004 0.000561 0.000024 0.000002 0.000006
0.010004 0.000561 0.247135 0.005417 0.000137 0.001600
-0.000006 0.000024 0.005417 0.000294 0.000005 0.000027
0.000012 0.000002 0.000137 0.000005 0.000002 0.000004
0.000119 0.000006 0.001600 0.000027 0.000004 0.000024
