Classe 0: 
Mean: 
-0.524060 -0.999526 -0.358333 -0.903422 -0.665668
Covariance: 
0.186829 -0.000028 0.038855 0.002995 0.011094
-0.000028 0.000000 0.000006 0.000009 0.000015
0.038855 0.000006 0.172592 0.010476 0.039624
0.002995 0.000009 0.010476 0.021367 0.029958
0.011094 0.000015 0.039624 0.029958 0.107070
Classe 1: 
Mean: 
0.923256 -0.999994 -0.213238 -0.916089 -0.716645
Covariance: 
0.061828 -0.000002 -0.033378 0.000146 -0.009666
-0.000002 0.000000 0.000002 -0.000000 0.000001
-0.033378 0.000002 0.248530 0.008519 0.037495
0.000146 -0.000000 0.008519 0.007879 0.008024
-0.009666 0.000001 0.037495 0.008024 0.095188
Classe 2: 
Mean: 
-0.204511 -0.999700 0.001372 -0.963996 -0.869886
Covariance: 
0.125089 0.000003 0.093238 0.001140 0.002158
0.000003 0.000000 0.000018 -0.000000 0.000001
0.093238 0.000018 0.219259 0.003030 0.006208
0.001140 -0.000000 0.003030 0.001445 0.002473
0.002158 0.000001 0.006208 0.002473 0.023248
