Classe 0: 
Mean: 
-0.248462 -0.984407 -0.965520 -0.981998 -0.965933 -0.980431 -0.964098
Covariance: 
0.110873 -0.000844 0.001205 -0.000948 0.000731 -0.001167 -0.000047
-0.000844 0.000070 0.000051 0.000042 0.000026 0.000025 0.000004
0.001205 0.000051 0.000108 0.000019 0.000049 0.000000 -0.000007
-0.000948 0.000042 0.000019 0.000061 0.000046 0.000064 0.000060
0.000731 0.000026 0.000049 0.000046 0.000083 0.000050 0.000084
-0.001167 0.000025 0.000000 0.000064 0.000050 0.000098 0.000095
-0.000047 0.000004 -0.000007 0.000060 0.000084 0.000095 0.000160
Classe 1: 
Mean: 
-0.248672 -0.987883 -0.971231 -0.986566 -0.969622 -0.991883 -0.976869
Covariance: 
0.117587 -0.000614 0.001261 -0.000734 0.001176 -0.000738 0.001056
-0.000614 0.000048 0.000039 0.000037 0.000023 0.000024 0.000018
0.001261 0.000039 0.000074 0.000027 0.000051 0.000015 0.000039
-0.000734 0.000037 0.000027 0.000040 0.000026 0.000027 0.000022
0.001176 0.000023 0.000051 0.000026 0.000054 0.000016 0.000045
-0.000738 0.000024 0.000015 0.000027 0.000016 0.000033 0.000032
0.001056 0.000018 0.000039 0.000022 0.000045 0.000032 0.000082
Classe 2: 
Mean: 
-0.047158 -0.983583 -0.963177 -0.983991 -0.964194 -0.984367 -0.964233
Covariance: 
0.090721 -0.000603 0.001027 -0.000558 0.001231 -0.000460 0.001241
-0.000603 0.000027 0.000015 0.000023 0.000011 0.000019 0.000009
0.001027 0.000015 0.000056 0.000013 0.000055 0.000010 0.000051
-0.000558 0.000023 0.000013 0.000023 0.000013 0.000021 0.000014
0.001231 0.000011 0.000055 0.000013 0.000066 0.000012 0.000068
-0.000460 0.000019 0.000010 0.000021 0.000012 0.000025 0.000017
0.001241 0.000009 0.000051 0.000014 0.000068 0.000017 0.000083
