Classe 0: 
Mean: 
-0.024287 -0.267478 0.194140 0.062266 0.698184
Covariance: 
0.340105 -0.072914 0.249194 -0.066668 -0.004630
-0.072914 0.291269 -0.111417 0.289954 -0.014433
0.249194 -0.111417 0.314290 -0.103337 -0.008789
-0.066668 0.289954 -0.103337 0.333537 -0.020793
-0.004630 -0.014433 -0.008789 -0.020793 0.115929
Classe 1: 
Mean: 
-0.594422 -0.208766 -0.354183 0.202087 0.261120
Covariance: 
0.145245 -0.048885 0.143117 -0.046133 0.007630
-0.048885 0.200093 -0.073748 0.214697 -0.008853
0.143117 -0.073748 0.243381 -0.061878 0.029186
-0.046133 0.214697 -0.061878 0.275958 -0.022552
0.007630 -0.008853 0.029186 -0.022552 0.161879
Classe 2: 
Mean: 
-0.412431 -0.819288 0.042499 -0.496762 0.573916
Covariance: 
0.350720 -0.018868 0.254270 -0.016472 -0.003239
-0.018868 0.042844 -0.033093 0.054701 0.004981
0.254270 -0.033093 0.424729 -0.026432 -0.001410
-0.016472 0.054701 -0.026432 0.112377 0.006527
-0.003239 0.004981 -0.001410 0.006527 0.118972
