Mean: 
-0.440880 -0.227515 0.081635 -0.300408 -0.139602 -0.318357
Covariance: 
0.191977 -0.021591 -0.082339 -0.062112 0.041269 -0.144054
-0.021591 0.124336 0.039354 -0.012779 0.026832 0.005704
-0.082339 0.039354 0.195035 0.102729 -0.087164 0.066088
-0.062112 -0.012779 0.102729 0.214399 -0.025677 0.062689
0.041269 0.026832 -0.087164 -0.025677 0.226362 -0.023312
-0.144054 0.005704 0.066088 0.062689 -0.023312 0.170296
