Classe 0: 
Mean: 
-0.963093 -0.960954 -0.957884 -0.964802 -0.961677 -0.956702 0.351599 0.351599 0.351599 -0.980971 -0.946278 -0.976039 -0.946546 -0.972752 -0.942255
Covariance: 
0.000255 0.000180 0.000122 0.000300 0.000203 0.000137 0.001005 0.001005 0.001005 0.000226 0.000308 0.000163 0.000204 0.000128 0.000122
0.000180 0.000282 0.000326 0.000205 0.000314 0.000362 0.001038 0.001038 0.001038 0.000167 0.000211 0.000257 0.000326 0.000291 0.000383
0.000122 0.000326 0.000500 0.000136 0.000361 0.000550 0.000344 0.000344 0.000344 0.000122 0.000134 0.000303 0.000373 0.000438 0.000597
0.000300 0.000205 0.000136 0.000384 0.000249 0.000163 0.000981 0.000981 0.000981 0.000269 0.000355 0.000189 0.000231 0.000145 0.000135
0.000203 0.000314 0.000361 0.000249 0.000372 0.000417 0.000975 0.000975 0.000975 0.000193 0.000232 0.000288 0.000362 0.000322 0.000424
0.000137 0.000362 0.000550 0.000163 0.000417 0.000633 0.000652 0.000652 0.000652 0.000141 0.000147 0.000336 0.000414 0.000478 0.000654
0.001005 0.001038 0.000344 0.000981 0.000975 0.000652 0.275966 0.275966 0.275966 -0.001567 0.003465 -0.001274 0.003024 -0.001515 0.002132
0.001005 0.001038 0.000344 0.000981 0.000975 0.000652 0.275966 0.275966 0.275966 -0.001567 0.003465 -0.001274 0.003024 -0.001515 0.002132
0.001005 0.001038 0.000344 0.000981 0.000975 0.000652 0.275966 0.275966 0.275966 -0.001567 0.003465 -0.001274 0.003024 -0.001515 0.002132
0.000226 0.000167 0.000122 0.000269 0.000193 0.000141 -0.001567 -0.001567 -0.001567 0.000255 0.000226 0.000188 0.000164 0.000147 0.000110
0.000308 0.000211 0.000134 0.000355 0.000232 0.000147 0.003465 0.003465 0.003465 0.000226 0.000431 0.000161 0.000273 0.000132 0.000148
0.000163 0.000257 0.000303 0.000189 0.000288 0.000336 -0.001274 -0.001274 -0.001274 0.000188 0.000161 0.000276 0.000266 0.000305 0.000331
0.000204 0.000326 0.000373 0.000231 0.000362 0.000414 0.003024 0.003024 0.003024 0.000164 0.000273 0.000266 0.000415 0.000306 0.000470
0.000128 0.000291 0.000438 0.000145 0.000322 0.000478 -0.001515 -0.001515 -0.001515 0.000147 0.000132 0.000305 0.000306 0.000444 0.000477
0.000122 0.000383 0.000597 0.000135 0.000424 0.000654 0.002132 0.002132 0.002132 0.000110 0.000148 0.000331 0.000470 0.000477 0.000770
Classe 1: 
Mean: 
-0.970415 -0.967877 -0.979353 -0.973639 -0.970688 -0.984040 0.355065 0.355065 0.355065 -0.987497 -0.956705 -0.984910 -0.953614 -0.995289 -0.967706
Covariance: 
0.000154 0.000111 0.000045 0.000173 0.000127 0.000051 0.002503 0.002503 0.002503 0.000125 0.000199 0.000092 0.000141 0.000024 0.000066
0.000111 0.000122 0.000053 0.000123 0.000137 0.000058 0.002332 0.002332 0.002332 0.000081 0.000148 0.000097 0.000157 0.000028 0.000077
0.000045 0.000053 0.000086 0.000047 0.000056 0.000086 0.001733 0.001733 0.001733 0.000028 0.000063 0.000034 0.000073 0.000051 0.000124
0.000173 0.000123 0.000047 0.000208 0.000154 0.000065 0.001798 0.001798 0.001798 0.000150 0.000220 0.000112 0.000153 0.000031 0.000072
0.000127 0.000137 0.000056 0.000154 0.000168 0.000074 0.001666 0.001666 0.001666 0.000102 0.000167 0.000119 0.000172 0.000035 0.000084
0.000051 0.000058 0.000086 0.000065 0.000074 0.000105 0.000437 0.000437 0.000437 0.000043 0.000069 0.000050 0.000074 0.000063 0.000121
0.002503 0.002332 0.001733 0.001798 0.001666 0.000437 0.298129 0.298129 0.298129 -0.000187 0.004706 -0.000265 0.004594 -0.000873 0.003639
0.002503 0.002332 0.001733 0.001798 0.001666 0.000437 0.298129 0.298129 0.298129 -0.000187 0.004706 -0.000265 0.004594 -0.000873 0.003639
0.002503 0.002332 0.001733 0.001798 0.001666 0.000437 0.298129 0.298129 0.298129 -0.000187 0.004706 -0.000265 0.004594 -0.000873 0.003639
0.000125 0.000081 0.000028 0.000150 0.000102 0.000043 -0.000187 -0.000187 -0.000187 0.000130 0.000140 0.000093 0.000083 0.000033 0.000030
0.000199 0.000148 0.000063 0.000220 0.000167 0.000069 0.004706 0.004706 0.004706 0.000140 0.000282 0.000105 0.000210 0.000023 0.000108
0.000092 0.000097 0.000034 0.000112 0.000119 0.000050 -0.000265 -0.000265 -0.000265 0.000093 0.000105 0.000105 0.000103 0.000036 0.000040
0.000141 0.000157 0.000073 0.000153 0.000172 0.000074 0.004594 0.004594 0.004594 0.000083 0.000210 0.000103 0.000228 0.000025 0.000125
0.000024 0.000028 0.000051 0.000031 0.000035 0.000063 -0.000873 -0.000873 -0.000873 0.000033 0.000023 0.000036 0.000025 0.000055 0.000057
0.000066 0.000077 0.000124 0.000072 0.000084 0.000121 0.003639 0.003639 0.003639 0.000030 0.000108 0.000040 0.000125 0.000057 0.000212
Classe 2: 
Mean: 
-0.960201 -0.961434 -0.961667 -0.964469 -0.965940 -0.966163 0.706127 0.706127 0.706127 -0.979332 -0.942371 -0.980200 -0.944517 -0.980925 -0.944570
Covariance: 
0.000159 0.000146 0.000142 0.000174 0.000160 0.000155 0.000376 0.000376 0.000376 0.000149 0.000181 0.000139 0.000162 0.000130 0.000155
0.000146 0.000147 0.000147 0.000165 0.000166 0.000167 0.000449 0.000449 0.000449 0.000136 0.000169 0.000137 0.000168 0.000132 0.000172
0.000142 0.000147 0.000166 0.000162 0.000167 0.000188 0.000574 0.000574 0.000574 0.000132 0.000161 0.000138 0.000168 0.000147 0.000196
0.000174 0.000165 0.000162 0.000222 0.000210 0.000201 -0.000210 -0.000210 -0.000210 0.000165 0.000195 0.000155 0.000185 0.000141 0.000187
0.000160 0.000166 0.000167 0.000210 0.000221 0.000218 -0.000165 -0.000165 -0.000165 0.000151 0.000179 0.000156 0.000188 0.000143 0.000201
0.000155 0.000167 0.000188 0.000201 0.000218 0.000247 -0.000085 -0.000085 -0.000085 0.000150 0.000170 0.000160 0.000183 0.000165 0.000221
0.000376 0.000449 0.000574 -0.000210 -0.000165 -0.000085 0.143687 0.143687 0.143687 -0.000798 0.001545 -0.000833 0.001645 -0.000604 0.001656
0.000376 0.000449 0.000574 -0.000210 -0.000165 -0.000085 0.143687 0.143687 0.143687 -0.000798 0.001545 -0.000833 0.001645 -0.000604 0.001656
0.000376 0.000449 0.000574 -0.000210 -0.000165 -0.000085 0.143687 0.143687 0.143687 -0.000798 0.001545 -0.000833 0.001645 -0.000604 0.001656
0.000149 0.000136 0.000132 0.000165 0.000151 0.000150 -0.000798 -0.000798 -0.000798 0.000166 0.000150 0.000150 0.000132 0.000138 0.000130
0.000181 0.000169 0.000161 0.000195 0.000179 0.000170 0.001545 0.001545 0.001545 0.000150 0.000259 0.000142 0.000239 0.000133 0.000224
0.000139 0.000137 0.000138 0.000155 0.000156 0.000160 -0.000833 -0.000833 -0.000833 0.000150 0.000142 0.000152 0.000138 0.000144 0.000143
0.000162 0.000168 0.000168 0.000185 0.000188 0.000183 0.001645 0.001645 0.001645 0.000132 0.000239 0.000138 0.000255 0.000132 0.000258
0.000130 0.000132 0.000147 0.000141 0.000143 0.000165 -0.000604 -0.000604 -0.000604 0.000138 0.000133 0.000144 0.000132 0.000157 0.000149
0.000155 0.000172 0.000196 0.000187 0.000201 0.000221 0.001656 0.001656 0.001656 0.000130 0.000224 0.000143 0.000258 0.000149 0.000312
