Classe 0: 
Mean: 
-0.999460 -0.999574 -0.999348 -0.999399 -0.999067 -0.855662 -0.999523 -0.569269 -0.961475 -0.794630
Covariance: 
0.000000 0.000000 0.000000 0.000000 0.000000 0.000010 0.000000 0.000037 0.000003 0.000018
0.000000 0.000000 0.000000 0.000000 0.000000 0.000008 0.000000 0.000023 0.000002 0.000014
0.000000 0.000000 0.000000 0.000000 0.000000 0.000009 0.000000 0.000040 0.000004 0.000019
0.000000 0.000000 0.000000 0.000000 0.000000 0.000011 0.000000 0.000033 0.000002 0.000020
0.000000 0.000000 0.000000 0.000000 0.000000 0.000016 0.000000 0.000056 0.000005 0.000027
0.000010 0.000008 0.000009 0.000011 0.000016 0.044256 -0.000011 0.053620 -0.001133 0.005431
0.000000 0.000000 0.000000 0.000000 0.000000 -0.000011 0.000000 -0.000013 0.000005 0.000018
0.000037 0.000023 0.000040 0.000033 0.000056 0.053620 -0.000013 0.155601 -0.005662 -0.008176
0.000003 0.000002 0.000004 0.000002 0.000005 -0.001133 0.000005 -0.005662 0.005313 0.009012
0.000018 0.000014 0.000019 0.000020 0.000027 0.005431 0.000018 -0.008176 0.009012 0.029717
Classe 1: 
Mean: 
-0.999749 -0.999562 -0.999632 -0.999353 -0.999330 0.225468 -0.999937 0.762421 -0.980507 -0.767969
Covariance: 
0.000000 0.000000 0.000000 0.000000 0.000000 0.000005 0.000000 -0.000000 0.000002 0.000010
0.000000 0.000000 -0.000000 0.000000 0.000000 -0.000009 0.000000 0.000005 0.000001 0.000000
0.000000 -0.000000 0.000000 0.000000 0.000000 0.000020 0.000000 0.000003 0.000002 0.000011
0.000000 0.000000 0.000000 0.000000 0.000000 0.000006 0.000000 0.000001 0.000001 0.000006
0.000000 0.000000 0.000000 0.000000 0.000000 0.000006 0.000000 0.000009 0.000002 0.000016
0.000005 -0.000009 0.000020 0.000006 0.000006 0.355987 -0.000003 -0.128874 0.003456 0.079689
0.000000 0.000000 0.000000 0.000000 0.000000 -0.000003 0.000000 -0.000004 0.000001 0.000004
-0.000000 0.000005 0.000003 0.000001 0.000009 -0.128874 -0.000004 0.178291 -0.003018 -0.059809
0.000002 0.000001 0.000002 0.000001 0.000002 0.003456 0.000001 -0.003018 0.000221 0.002650
0.000010 0.000000 0.000011 0.000006 0.000016 0.079689 0.000004 -0.059809 0.002650 0.051715
Classe 2: 
Mean: 
-0.999661 -0.999882 -0.999415 -0.999720 -0.999135 -0.217507 -0.999675 -0.276723 -0.969367 -0.706974
Covariance: 
0.000000 0.000000 0.000000 0.000000 0.000000 0.000005 0.000000 0.000028 0.000002 0.000016
0.000000 0.000000 -0.000000 0.000000 0.000000 0.000010 0.000000 0.000005 0.000000 0.000006
0.000000 -0.000000 0.000000 0.000000 0.000000 0.000048 0.000000 0.000062 0.000003 0.000028
0.000000 0.000000 0.000000 0.000000 0.000000 0.000032 0.000000 0.000022 0.000001 0.000016
0.000000 0.000000 0.000000 0.000000 0.000000 0.000111 0.000000 0.000091 0.000004 0.000040
0.000005 0.000010 0.000048 0.000032 0.000111 0.229329 0.000028 0.114095 0.004012 0.053893
0.000000 0.000000 0.000000 0.000000 0.000000 0.000028 0.000000 0.000029 0.000001 0.000006
0.000028 0.000005 0.000062 0.000022 0.000091 0.114095 0.000029 0.133108 0.001301 0.007194
0.000002 0.000000 0.000003 0.000001 0.000004 0.004012 0.000001 0.001301 0.000303 0.003558
0.000016 0.000006 0.000028 0.000016 0.000040 0.053893 0.000006 0.007194 0.003558 0.052885
