Classe 0: 
Mean: 
-0.131832 -0.904580 0.991117 -0.994457
Covariance: 
0.063362 0.008858 0.001907 0.001098
0.008858 0.003647 -0.000061 0.000645
0.001907 -0.000061 0.002325 -0.000006
0.001098 0.000645 -0.000006 0.000134
Classe 1: 
Mean: 
-0.762926 -0.953881 0.679607 -0.997482
Covariance: 
0.018556 0.006654 0.013596 0.001250
0.006654 0.004459 0.003143 0.001076
0.013596 0.003143 0.043211 0.000369
0.001250 0.001076 0.000369 0.000322
Classe 2: 
Mean: 
-0.354009 -0.866108 0.892609 -0.987107
Covariance: 
0.021754 0.006766 0.004217 0.001441
0.006766 0.009690 0.001557 0.002317
0.004217 0.001557 0.006095 0.000264
0.001441 0.002317 0.000264 0.000648
