Classe 0: 
Mean: 
-0.877784 -0.967085 -0.977388 0.707166 0.707166 0.707166
Covariance: 
0.000517 0.000144 0.000168 0.004004 0.004004 0.004004
0.000144 0.000607 0.000457 -0.003973 -0.003973 -0.003973
0.000168 0.000457 0.001266 -0.007277 -0.007277 -0.007277
0.004004 -0.003973 -0.007277 0.181063 0.181063 0.181063
0.004004 -0.003973 -0.007277 0.181063 0.181063 0.181063
0.004004 -0.003973 -0.007277 0.181063 0.181063 0.181063
Classe 1: 
Mean: 
-0.892318 -0.986410 -0.947882 0.377406 0.377406 0.377406
Covariance: 
0.000789 0.000096 0.000286 0.009899 0.009899 0.009899
0.000096 0.000294 0.000049 -0.001642 -0.001642 -0.001642
0.000286 0.000049 0.000672 0.002551 0.002551 0.002551
0.009899 -0.001642 0.002551 0.227177 0.227177 0.227177
0.009899 -0.001642 0.002551 0.227177 0.227177 0.227177
0.009899 -0.001642 0.002551 0.227177 0.227177 0.227177
Classe 2: 
Mean: 
-0.876592 -0.971424 -0.972455 0.570910 0.570910 0.570910
Covariance: 
0.000707 0.000181 0.000215 0.007183 0.007183 0.007183
0.000181 0.000232 0.000185 -0.000796 -0.000796 -0.000796
0.000215 0.000185 0.000312 -0.001198 -0.001198 -0.001198
0.007183 -0.000796 -0.001198 0.160120 0.160120 0.160120
0.007183 -0.000796 -0.001198 0.160120 0.160120 0.160120
0.007183 -0.000796 -0.001198 0.160120 0.160120 0.160120
