Mean: 
-0.440880 -0.948998 -0.502803 -0.720786 -0.014148 0.518818
Covariance: 
0.191977 -0.010508 0.105530 -0.019705 -0.003595 0.019532
-0.010508 0.007373 -0.002281 0.010766 -0.002020 -0.007639
0.105530 -0.002281 0.132735 0.049167 -0.002606 0.008305
-0.019705 0.010766 0.049167 0.077435 -0.003440 -0.006350
-0.003595 -0.002020 -0.002606 -0.003440 0.030456 -0.003463
0.019532 -0.007639 0.008305 -0.006350 -0.003463 0.032399
