Classe 0: 
Mean: 
-0.495097 -0.946723 -0.983703 -0.851043
Covariance: 
0.204363 -0.005528 0.000374 0.012362
-0.005528 0.006255 0.000213 0.001161
0.000374 0.000213 0.000542 0.000542
0.012362 0.001161 0.000542 0.004276
Classe 1: 
Mean: 
0.970538 -0.963839 -0.989300 -0.847271
Covariance: 
0.024537 -0.002097 -0.000083 -0.004363
-0.002097 0.001623 0.000266 0.002023
-0.000083 0.000266 0.000258 0.000279
-0.004363 0.002023 0.000279 0.004280
Classe 2: 
Mean: 
-0.157648 -0.954416 -0.987180 -0.849517
Covariance: 
0.169685 0.003564 0.000850 0.021240
0.003564 0.000909 0.000173 0.001442
0.000850 0.000173 0.000305 0.000331
0.021240 0.001442 0.000331 0.004378
