Mean: 
-0.440880 -0.502803 -0.115250 -0.209598 -0.227515 0.031720 -0.242430 0.030002 -0.443454 0.081635 -0.277493 -0.192059 0.069279 -0.254221 -0.322177 -0.300408 -0.384051 -0.076260 -0.193834 -0.453631 -0.108283 -0.518521 -0.139602 0.179545 -0.494910 -0.318357
Covariance: 
0.191977 0.105530 -0.072488 -0.076786 -0.021591 -0.048003 -0.023288 -0.029183 -0.065545 -0.082339 -0.030671 -0.030963 -0.038277 -0.057656 0.035690 -0.062112 0.033257 -0.048051 -0.032812 -0.038557 -0.071967 0.028233 0.041269 -0.068947 0.116167 -0.144054
0.105530 0.132735 -0.047720 -0.053379 0.017661 -0.012147 -0.028730 -0.002436 -0.055504 -0.044176 -0.013495 -0.033439 -0.008183 -0.040597 0.023766 -0.046464 0.018131 -0.031570 0.001453 -0.036021 -0.046756 0.011359 0.032383 -0.029051 0.122071 -0.110185
-0.072488 -0.047720 0.125825 0.129692 0.006382 0.048023 0.080120 0.084030 0.106376 0.145135 0.084984 0.084239 0.080522 0.083174 -0.071945 0.088896 -0.069464 0.077840 -0.004313 0.075624 0.090449 -0.061180 -0.082004 0.091507 -0.050557 0.062299
-0.076786 -0.053379 0.129692 0.146902 -0.010029 0.044949 0.090594 0.080514 0.114698 0.143991 0.089375 0.095697 0.077367 0.088016 -0.064839 0.096727 -0.061861 0.096097 -0.010913 0.083179 0.093379 -0.052375 -0.076260 0.091848 -0.060692 0.068563
-0.021591 0.017661 0.006382 -0.010029 0.124336 0.060501 -0.037479 0.052980 -0.028269 0.039354 0.032585 -0.037540 0.055835 -0.011259 0.015871 -0.012779 0.013522 0.004777 0.062367 -0.020341 -0.005792 0.000228 0.026832 0.069030 0.021830 0.005704
-0.048003 -0.012147 0.048023 0.044949 0.060501 0.158235 0.050115 0.105207 0.034435 0.072189 0.045216 0.062597 0.116822 -0.024921 -0.043279 -0.029247 -0.043602 0.071696 0.078926 -0.047363 -0.008376 -0.031274 -0.055773 0.125553 -0.015370 0.034189
-0.023288 -0.028730 0.080120 0.090594 -0.037479 0.050115 0.109133 0.065758 0.087656 0.076132 0.064201 0.115535 0.063196 0.020238 -0.047065 0.025236 -0.042636 0.079230 -0.013140 0.026264 0.017744 -0.027395 -0.062827 0.063572 -0.030961 0.025859
-0.029183 -0.002436 0.084030 0.080514 0.052980 0.105207 0.065758 0.130670 0.056366 0.121719 0.087148 0.068327 0.125371 0.017880 -0.049095 0.020608 -0.048986 0.071580 0.028098 0.011763 0.024237 -0.044126 -0.055922 0.122843 -0.005061 0.015190
-0.065545 -0.055504 0.106376 0.114698 -0.028269 0.034435 0.087656 0.056366 0.110464 0.105505 0.067239 0.093288 0.055156 0.069887 -0.058694 0.075653 -0.054565 0.072967 -0.014907 0.070643 0.070181 -0.043653 -0.070632 0.064909 -0.058878 0.063546
-0.082339 -0.044176 0.145135 0.143991 0.039354 0.072189 0.076132 0.121719 0.105505 0.195035 0.105107 0.079519 0.116276 0.095675 -0.078368 0.102729 -0.077418 0.086181 0.006850 0.081327 0.109707 -0.071845 -0.087164 0.133602 -0.048033 0.066088
-0.030671 -0.013495 0.084984 0.089375 0.032585 0.045216 0.064201 0.087148 0.067239 0.105107 0.100712 0.064056 0.080472 0.050238 -0.008472 0.058123 -0.005050 0.073569 0.002258 0.057662 0.046742 -0.008811 -0.007135 0.094109 -0.017334 0.027535
-0.030963 -0.033439 0.084239 0.095697 -0.037540 0.062597 0.115535 0.068327 0.093288 0.079519 0.064056 0.125582 0.068465 0.018255 -0.049000 0.022460 -0.043756 0.089031 -0.004614 0.021416 0.017583 -0.026094 -0.067134 0.073004 -0.036448 0.033519
-0.038277 -0.008183 0.080522 0.077367 0.055835 0.116822 0.063196 0.125371 0.055156 0.116276 0.080472 0.068465 0.124718 0.013969 -0.046615 0.015466 -0.046109 0.075163 0.039377 0.004234 0.022601 -0.039453 -0.055094 0.128573 -0.011368 0.024342
-0.057656 -0.040597 0.083174 0.088016 -0.011259 -0.024921 0.020238 0.017880 0.069887 0.095675 0.050238 0.018255 0.013969 0.160657 -0.029598 0.171902 -0.027997 0.029278 -0.011796 0.147005 0.175765 -0.029146 -0.030434 0.028245 -0.049057 0.056040
0.035690 0.023766 -0.071945 -0.064839 0.015871 -0.043279 -0.047065 -0.049095 -0.058694 -0.078368 -0.008472 -0.049000 -0.046615 -0.029598 0.156177 -0.024855 0.161141 -0.005506 -0.002121 0.005896 -0.058117 0.133185 0.182364 -0.012871 0.018723 -0.018546
-0.062112 -0.046464 0.088896 0.096727 -0.012779 -0.029247 0.025236 0.020608 0.075653 0.102729 0.058123 0.022460 0.015466 0.171902 -0.024855 0.214399 -0.022816 0.035531 -0.016153 0.161356 0.176812 -0.024461 -0.025677 0.031028 -0.057209 0.062689
0.033257 0.018131 -0.069464 -0.061861 0.013522 -0.043602 -0.042636 -0.048986 -0.054565 -0.077418 -0.005050 -0.043756 -0.046109 -0.027997 0.161141 -0.022816 0.171760 0.000244 -0.002221 0.011360 -0.059055 0.139885 0.186750 -0.008617 0.013204 -0.014093
-0.048051 -0.031570 0.077840 0.096097 0.004777 0.071696 0.079230 0.071580 0.072967 0.086181 0.073569 0.089031 0.075163 0.029278 -0.005506 0.035531 0.000244 0.105618 0.016243 0.033556 0.026995 0.005527 -0.013321 0.100913 -0.039787 0.047403
-0.032812 0.001453 -0.004313 -0.010913 0.062367 0.078926 -0.013140 0.028098 -0.014907 0.006850 0.002258 -0.004614 0.039377 -0.011796 -0.002121 -0.016153 -0.002221 0.016243 0.106432 -0.046295 0.015659 -0.004181 0.000140 0.049397 0.002155 0.026261
-0.038557 -0.036021 0.075624 0.083179 -0.020341 -0.047363 0.026264 0.011763 0.070643 0.081327 0.057662 0.021416 0.004234 0.147005 0.005896 0.161356 0.011360 0.033556 -0.046295 0.207646 0.111596 0.004164 0.008968 0.022311 -0.043921 0.046615
-0.071967 -0.046756 0.090449 0.093379 -0.005792 -0.008376 0.017744 0.024237 0.070181 0.109707 0.046742 0.017583 0.022601 0.175765 -0.058117 0.176812 -0.059055 0.026995 0.015659 0.111596 0.255585 -0.055428 -0.062672 0.034100 -0.055174 0.062839
0.028233 0.011359 -0.061180 -0.052375 0.000228 -0.031274 -0.027395 -0.044126 -0.043653 -0.071845 -0.008811 -0.026094 -0.039453 -0.029146 0.133185 -0.024461 0.139885 0.005527 -0.004181 0.004164 -0.055428 0.130580 0.142801 -0.006064 0.005966 -0.009594
0.041269 0.032383 -0.082004 -0.076260 0.026832 -0.055773 -0.062827 -0.055922 -0.070632 -0.087164 -0.007135 -0.067134 -0.055094 -0.030434 0.182364 -0.025677 0.186750 -0.013321 0.000140 0.008968 -0.062672 0.142801 0.226362 -0.018861 0.027740 -0.023312
-0.068947 -0.029051 0.091507 0.091848 0.069030 0.125553 0.063572 0.122843 0.064909 0.133602 0.094109 0.073004 0.128573 0.028245 -0.012871 0.031028 -0.008617 0.100913 0.049397 0.022311 0.034100 -0.006064 -0.018861 0.166105 -0.035820 0.058802
0.116167 0.122071 -0.050557 -0.060692 0.021830 -0.015370 -0.030961 -0.005061 -0.058878 -0.048033 -0.017334 -0.036448 -0.011368 -0.049057 0.018723 -0.057209 0.013204 -0.039787 0.002155 -0.043921 -0.055174 0.005966 0.027740 -0.035820 0.130917 -0.119146
-0.144054 -0.110185 0.062299 0.068563 0.005704 0.034189 0.025859 0.015190 0.063546 0.066088 0.027535 0.033519 0.024342 0.056040 -0.018546 0.062689 -0.014093 0.047403 0.026261 0.046615 0.062839 -0.009594 -0.023312 0.058802 -0.119146 0.170296
