Classe 0: 
Mean: 
-0.976549 -0.975631 -0.974294 -0.249628
Covariance: 
0.000060 0.000028 0.000002 0.000161
0.000028 0.000050 0.000055 -0.000051
0.000002 0.000055 0.000099 -0.000576
0.000161 -0.000051 -0.000576 0.111080
Classe 1: 
Mean: 
-0.980500 -0.979196 -0.985079 -0.249839
Covariance: 
0.000041 0.000028 0.000019 0.000364
0.000028 0.000030 0.000022 0.000239
0.000019 0.000022 0.000036 0.000234
0.000364 0.000239 0.000234 0.117806
Classe 2: 
Mean: 
-0.974956 -0.975546 -0.975700 -0.048136
Covariance: 
0.000018 0.000016 0.000014 0.000134
0.000016 0.000018 0.000017 0.000227
0.000014 0.000017 0.000022 0.000255
0.000134 0.000227 0.000255 0.090890
