Mean: 
-0.300405 -0.384051 -0.108287 -0.139603 0.179549 -0.733400 -0.318357 -0.440880 -0.948998 -0.720786
Covariance: 
0.214400 -0.022816 0.176813 -0.025677 0.031028 -0.038382 0.062689 -0.062112 0.003392 -0.002312
-0.022816 0.171760 -0.059055 0.186750 -0.008617 0.009620 -0.014093 0.033257 0.000686 -0.000868
0.176813 -0.059055 0.255585 -0.062672 0.034099 -0.034808 0.062839 -0.071967 0.003764 0.003052
-0.025677 0.186750 -0.062672 0.226363 -0.018861 0.022920 -0.023311 0.041269 0.000643 0.006515
0.031028 -0.008617 0.034099 -0.018861 0.166103 -0.016435 0.058802 -0.068947 0.004606 0.022003
-0.038382 0.009620 -0.034808 0.022920 -0.016435 0.079635 -0.071828 0.066119 -0.001194 0.037959
0.062689 -0.014093 0.062839 -0.023311 0.058802 -0.071828 0.170296 -0.144054 0.008650 -0.006961
-0.062112 0.033257 -0.071967 0.041269 -0.068947 0.066119 -0.144054 0.191977 -0.010508 -0.019705
0.003392 0.000686 0.003764 0.000643 0.004606 -0.001194 0.008650 -0.010508 0.007373 0.010766
-0.002312 -0.000868 0.003052 0.006515 0.022003 0.037959 -0.006961 -0.019705 0.010766 0.077435
