Classe 0: 
Mean: 
0.000423 -0.132553 -0.066323 0.095280 -0.127807 -0.080179 -0.158817 -0.158817 -0.158817 -0.068069 0.119276 -0.060988 -0.205741 -0.085916 -0.020391
Covariance: 
0.116670 -0.033048 -0.009025 0.107459 -0.026364 -0.004660 0.098283 0.098283 0.098283 0.118038 0.106377 -0.026671 -0.034211 -0.000054 -0.013110
-0.033048 0.064127 0.038417 -0.027073 0.056242 0.037935 -0.054853 -0.054853 -0.054853 -0.031960 -0.032713 0.052734 0.068115 0.033493 0.038709
-0.009025 0.038417 0.100090 -0.005942 0.033102 0.097635 -0.070470 -0.070470 -0.070470 -0.020546 -0.001665 0.025926 0.045224 0.097241 0.096793
0.107459 -0.027073 -0.005942 0.108609 -0.021202 -0.000871 0.090048 0.090048 0.090048 0.106894 0.097346 -0.022061 -0.028020 0.002516 -0.010055
-0.026364 0.056242 0.033102 -0.021202 0.051254 0.033260 -0.045359 -0.045359 -0.045359 -0.025972 -0.025574 0.046372 0.060020 0.028760 0.033622
-0.004660 0.037935 0.097635 -0.000871 0.033260 0.099569 -0.067509 -0.067509 -0.067509 -0.016627 0.002605 0.025587 0.044640 0.095422 0.093725
0.098283 -0.054853 -0.070470 0.090048 -0.045359 -0.067509 0.155891 0.155891 0.155891 0.094955 0.095285 -0.048798 -0.053139 -0.072203 -0.063770
0.098283 -0.054853 -0.070470 0.090048 -0.045359 -0.067509 0.155891 0.155891 0.155891 0.094955 0.095285 -0.048798 -0.053139 -0.072203 -0.063770
0.098283 -0.054853 -0.070470 0.090048 -0.045359 -0.067509 0.155891 0.155891 0.155891 0.094955 0.095285 -0.048798 -0.053139 -0.072203 -0.063770
0.118038 -0.031960 -0.020546 0.106894 -0.025972 -0.016627 0.094955 0.094955 0.094955 0.154268 0.082061 -0.023728 -0.033899 -0.009046 -0.025963
0.106377 -0.032713 -0.001665 0.097346 -0.025574 0.002605 0.095285 0.095285 0.095285 0.082061 0.123672 -0.028153 -0.032702 0.004758 -0.003673
-0.026671 0.052734 0.025926 -0.022061 0.046372 0.025587 -0.048798 -0.048798 -0.048798 -0.023728 -0.028153 0.051145 0.050308 0.026143 0.022912
-0.034211 0.068115 0.045224 -0.028020 0.060020 0.044640 -0.053139 -0.053139 -0.053139 -0.033899 -0.032702 0.050308 0.078277 0.035812 0.049057
-0.000054 0.033493 0.097241 0.002516 0.028760 0.095422 -0.072203 -0.072203 -0.072203 -0.009046 0.004758 0.026143 0.035812 0.106440 0.084799
-0.013110 0.038709 0.096793 -0.010055 0.033622 0.093725 -0.063770 -0.063770 -0.063770 -0.025963 -0.003673 0.022912 0.049057 0.084799 0.103501
Classe 1: 
Mean: 
-0.239116 -0.368966 0.227815 -0.147285 -0.340403 0.228468 -0.388407 -0.388407 -0.388407 -0.340505 -0.090815 -0.302067 -0.411620 0.252923 0.237415
Covariance: 
0.087892 -0.001463 0.015544 0.085229 -0.003321 0.019403 0.056503 0.056503 0.056503 0.089343 0.083186 -0.002428 -0.002286 0.012482 0.019610
-0.001463 0.046384 -0.007761 -0.001883 0.041937 -0.005845 -0.024278 -0.024278 -0.024278 -0.001770 0.000299 0.047231 0.041119 -0.007246 -0.006399
0.015544 -0.007761 0.040106 0.017806 -0.008042 0.039281 0.011391 0.011391 0.011391 0.019036 0.012957 -0.013030 -0.003304 0.035763 0.041823
0.085229 -0.001883 0.017806 0.088994 -0.004373 0.021909 0.051204 0.051204 0.051204 0.092626 0.075711 -0.003095 -0.002622 0.015129 0.021583
-0.003321 0.041937 -0.008042 -0.004373 0.039280 -0.006692 -0.022688 -0.022688 -0.022688 -0.004636 -0.000870 0.043448 0.037127 -0.007680 -0.006942
0.019403 -0.005845 0.039281 0.021909 -0.006692 0.041176 0.015224 0.015224 0.015224 0.023855 0.016141 -0.010901 -0.001960 0.033204 0.043333
0.056503 -0.024278 0.011391 0.051204 -0.022688 0.015224 0.072064 0.072064 0.072064 0.041558 0.066627 -0.028972 -0.018549 0.000057 0.021568
0.056503 -0.024278 0.011391 0.051204 -0.022688 0.015224 0.072064 0.072064 0.072064 0.041558 0.066627 -0.028972 -0.018549 0.000057 0.021568
0.056503 -0.024278 0.011391 0.051204 -0.022688 0.015224 0.072064 0.072064 0.072064 0.041558 0.066627 -0.028972 -0.018549 0.000057 0.021568
0.089343 -0.001770 0.019036 0.092626 -0.004636 0.023855 0.041558 0.041558 0.041558 0.117236 0.062477 -0.000147 -0.005363 0.019933 0.019618
0.083186 0.000299 0.012957 0.075711 -0.000870 0.016141 0.066627 0.066627 0.066627 0.062477 0.101725 -0.002917 0.001487 0.006622 0.020155
-0.002428 0.047231 -0.013030 -0.003095 0.043448 -0.010901 -0.028972 -0.028972 -0.028972 -0.000147 -0.002917 0.053218 0.037668 -0.009763 -0.013626
-0.002286 0.041119 -0.003304 -0.002622 0.037127 -0.001960 -0.018549 -0.018549 -0.018549 -0.005363 0.001487 0.037668 0.040723 -0.005335 -0.000385
0.012482 -0.007246 0.035763 0.015129 -0.007680 0.033204 0.000057 0.000057 0.000057 0.019933 0.006622 -0.009763 -0.005335 0.040981 0.030837
0.019610 -0.006399 0.041823 0.021583 -0.006942 0.043333 0.021568 0.021568 0.021568 0.019618 0.020155 -0.013626 -0.000385 0.030837 0.049922
Classe 2: 
Mean: 
-0.012810 -0.168339 0.003535 0.000355 -0.160723 0.003641 -0.285253 -0.285253 -0.285253 -0.167604 0.179375 -0.040684 -0.294830 0.078275 -0.023201
Covariance: 
0.048450 -0.004669 0.000331 0.048304 -0.003319 0.001263 0.038657 0.038657 0.038657 0.045431 0.056324 -0.003996 -0.004675 0.000427 -0.000437
-0.004669 0.007621 -0.000565 -0.006295 0.006441 -0.000931 -0.007677 -0.007677 -0.007677 -0.001677 -0.007541 0.007002 0.007135 0.000127 -0.000804
0.000331 -0.000565 0.010991 0.000031 -0.000875 0.009204 -0.007982 -0.007982 -0.007982 0.000543 -0.000259 -0.000803 -0.000664 0.012332 0.009170
0.048304 -0.006295 0.000031 0.065249 -0.004647 0.002584 0.038115 0.038115 0.038115 0.048647 0.046953 -0.006555 -0.005641 -0.002049 0.001215
-0.003319 0.006441 -0.000875 -0.004647 0.005781 -0.001059 -0.005965 -0.005965 -0.005965 -0.000522 -0.006033 0.006024 0.006167 -0.000282 -0.001039
0.001263 -0.000931 0.009204 0.002584 -0.001059 0.008905 -0.006262 -0.006262 -0.006262 0.002357 -0.000202 -0.001098 -0.000887 0.009844 0.008252
0.038657 -0.007677 -0.007982 0.038115 -0.005965 -0.006262 0.048336 0.048336 0.048336 0.025001 0.057144 -0.007930 -0.006428 -0.011641 -0.005566
0.038657 -0.007677 -0.007982 0.038115 -0.005965 -0.006262 0.048336 0.048336 0.048336 0.025001 0.057144 -0.007930 -0.006428 -0.011641 -0.005566
0.038657 -0.007677 -0.007982 0.038115 -0.005965 -0.006262 0.048336 0.048336 0.048336 0.025001 0.057144 -0.007930 -0.006428 -0.011641 -0.005566
0.045431 -0.001677 0.000543 0.048647 -0.000522 0.002357 0.025001 0.025001 0.025001 0.067968 0.028558 -0.000549 -0.002166 0.000715 -0.000210
0.056324 -0.007541 -0.000259 0.046953 -0.006033 -0.000202 0.057144 0.057144 0.057144 0.028558 0.109224 -0.007515 -0.007391 -0.001337 -0.000367
-0.003996 0.007002 -0.000803 -0.006555 0.006024 -0.001098 -0.007930 -0.007930 -0.007930 -0.000549 -0.007515 0.007539 0.005942 0.000728 -0.001636
-0.004675 0.007135 -0.000664 -0.005641 0.006167 -0.000887 -0.006428 -0.006428 -0.006428 -0.002166 -0.007391 0.005942 0.007441 -0.000681 -0.000304
0.000427 0.000127 0.012332 -0.002049 -0.000282 0.009844 -0.011641 -0.011641 -0.011641 0.000715 -0.001337 0.000728 -0.000681 0.018615 0.007485
-0.000437 -0.000804 0.009170 0.001215 -0.001039 0.008252 -0.005566 -0.005566 -0.005566 -0.000210 -0.000367 -0.001636 -0.000304 0.007485 0.010299
