Mean: 
-0.254221 -0.322177 -0.086851 -0.300408 -0.384051 -0.076260 -0.193834 -0.193834 -0.193834 -0.453631 -0.108283 -0.518521 -0.139602 -0.302925 0.179545
Covariance: 
0.160657 -0.029598 0.028175 0.171902 -0.027997 0.029278 -0.011796 -0.011796 -0.011796 0.147005 0.175765 -0.029146 -0.030434 0.027008 0.028245
-0.029598 0.156177 -0.016183 -0.024855 0.161141 -0.005506 -0.002121 -0.002121 -0.002121 0.005896 -0.058117 0.133185 0.182364 -0.018658 -0.012871
0.028175 -0.016183 0.096958 0.032070 -0.010969 0.094958 0.023186 0.023186 0.023186 0.029290 0.028094 -0.004418 -0.024614 0.082472 0.109930
0.171902 -0.024855 0.032070 0.214399 -0.022816 0.035531 -0.016153 -0.016153 -0.016153 0.161356 0.176812 -0.024461 -0.025677 0.031140 0.031028
-0.027997 0.161141 -0.010969 -0.022816 0.171760 0.000244 -0.002221 -0.002221 -0.002221 0.011360 -0.059055 0.139885 0.186750 -0.013347 -0.008617
0.029278 -0.005506 0.094958 0.035531 0.000244 0.105618 0.016243 0.016243 0.016243 0.033556 0.026995 0.005527 -0.013321 0.082938 0.100913
-0.011796 -0.002121 0.023186 -0.016153 -0.002221 0.016243 0.106432 0.106432 0.106432 -0.046295 0.015659 -0.004181 0.000140 -0.000346 0.049397
-0.011796 -0.002121 0.023186 -0.016153 -0.002221 0.016243 0.106432 0.106432 0.106432 -0.046295 0.015659 -0.004181 0.000140 -0.000346 0.049397
-0.011796 -0.002121 0.023186 -0.016153 -0.002221 0.016243 0.106432 0.106432 0.106432 -0.046295 0.015659 -0.004181 0.000140 -0.000346 0.049397
0.147005 0.005896 0.029290 0.161356 0.011360 0.033556 -0.046295 -0.046295 -0.046295 0.207646 0.111596 0.004164 0.008968 0.032723 0.022311
0.175765 -0.058117 0.028094 0.176812 -0.059055 0.026995 0.015659 0.015659 0.015659 0.111596 0.255585 -0.055428 -0.062672 0.023352 0.034100
-0.029146 0.133185 -0.004418 -0.024461 0.139885 0.005527 -0.004181 -0.004181 -0.004181 0.004164 -0.055428 0.130580 0.142801 -0.003853 -0.006064
-0.030434 0.182364 -0.024614 -0.025677 0.186750 -0.013321 0.000140 0.000140 0.000140 0.008968 -0.062672 0.142801 0.226362 -0.028751 -0.018861
0.027008 -0.018658 0.082472 0.031140 -0.013347 0.082938 -0.000346 -0.000346 -0.000346 0.032723 0.023352 -0.003853 -0.028751 0.091145 0.069897
0.028245 -0.012871 0.109930 0.031028 -0.008617 0.100913 0.049397 0.049397 0.049397 0.022311 0.034100 -0.006064 -0.018861 0.069897 0.166105
