Classe 0: 
Mean: 
-0.855713 -0.999580 -0.569310 -0.961530 -0.794678
Covariance: 
0.044254 -0.000013 0.053617 -0.001136 0.005425
-0.000013 0.000000 -0.000021 0.000004 0.000012
0.053617 -0.000021 0.155605 -0.005670 -0.008188
-0.001136 0.000004 -0.005670 0.005311 0.009006
0.005425 0.000012 -0.008188 0.009006 0.029711
Classe 1: 
Mean: 
0.225444 -0.999994 0.762413 -0.980562 -0.768017
Covariance: 
0.356005 0.000000 -0.128876 0.003460 0.079694
0.000000 0.000000 -0.000001 0.000000 0.000001
-0.128876 -0.000001 0.178302 -0.003017 -0.059811
0.003460 0.000000 -0.003017 0.000220 0.002647
0.079694 0.000001 -0.059811 0.002647 0.051715
Classe 2: 
Mean: 
-0.217530 -0.999731 -0.276749 -0.969422 -0.707020
Covariance: 
0.229332 0.000005 0.114088 0.003990 0.053876
0.000005 0.000000 0.000008 0.000000 0.000002
0.114088 0.000008 0.133102 0.001281 0.007176
0.003990 0.000000 0.001281 0.000302 0.003554
0.053876 0.000002 0.007176 0.003554 0.052883
