Mean: 
-0.083834 -0.223286 0.055009 -0.017217 -0.209644 0.050643 -0.277493 -0.277493 -0.277493 -0.192059 0.069279 -0.134580 -0.304064 0.081761 0.064608
Covariance: 
0.096244 -0.001628 -0.011308 0.090467 -0.000740 -0.008684 0.073234 0.073234 0.073234 0.095837 0.094086 0.001967 -0.005135 -0.009391 -0.011409
-0.001628 0.050125 -0.003011 -0.001671 0.044525 -0.003106 -0.020027 -0.020027 -0.020027 -0.000356 -0.001973 0.047667 0.047076 -0.004691 -0.002107
-0.011308 -0.003011 0.066043 -0.008402 -0.003651 0.064954 -0.033371 -0.033371 -0.033371 -0.014323 -0.009479 -0.010229 0.003378 0.065054 0.064065
0.090467 -0.001671 -0.008402 0.097389 -0.001016 -0.005050 0.068877 0.068877 0.068877 0.093775 0.082641 0.000037 -0.003653 -0.008558 -0.006969
-0.000740 0.044525 -0.003651 -0.001016 0.040771 -0.003616 -0.016660 -0.016660 -0.016660 -0.000090 -0.000652 0.042726 0.041889 -0.005188 -0.002768
-0.008684 -0.003106 0.064954 -0.005050 -0.003616 0.066771 -0.031112 -0.031112 -0.031112 -0.011418 -0.007243 -0.010106 0.003079 0.063583 0.063669
0.073234 -0.020027 -0.033371 0.068877 -0.016660 -0.031112 0.100712 0.100712 0.100712 0.064056 0.080472 -0.019631 -0.018128 -0.040832 -0.025422
0.073234 -0.020027 -0.033371 0.068877 -0.016660 -0.031112 0.100712 0.100712 0.100712 0.064056 0.080472 -0.019631 -0.018128 -0.040832 -0.025422
0.073234 -0.020027 -0.033371 0.068877 -0.016660 -0.031112 0.100712 0.100712 0.100712 0.064056 0.080472 -0.019631 -0.018128 -0.040832 -0.025422
0.095837 -0.000356 -0.014323 0.093775 -0.000090 -0.011418 0.064056 0.064056 0.064056 0.125582 0.068465 0.003985 -0.004306 -0.011587 -0.014974
0.094086 -0.001973 -0.009479 0.082641 -0.000652 -0.007243 0.080472 0.080472 0.080472 0.068465 0.124718 0.000793 -0.005113 -0.008730 -0.008518
0.001967 0.047667 -0.010229 0.000037 0.042726 -0.010106 -0.019631 -0.019631 -0.019631 0.003985 0.000793 0.051326 0.039950 -0.008104 -0.011953
-0.005135 0.047076 0.003378 -0.003653 0.041889 0.003079 -0.018128 -0.018128 -0.018128 -0.004306 -0.005113 0.039950 0.049165 -0.001747 0.006824
-0.009391 -0.004691 0.065054 -0.008558 -0.005188 0.063583 -0.040832 -0.040832 -0.040832 -0.011587 -0.008730 -0.008104 -0.001747 0.074382 0.055675
-0.011409 -0.002107 0.064065 -0.006969 -0.002768 0.063669 -0.025422 -0.025422 -0.025422 -0.014974 -0.008518 -0.011953 0.006824 0.055675 0.069399
