Classe 0: 
Mean: 
0.006552 -0.138441 0.305791 0.053437 -0.153499 0.324385 -0.928067 -0.928067 -0.928067 -0.224537 0.254120 -0.448821 0.145506 -0.100070 0.725896
Covariance: 
0.199561 -0.053139 0.015619 0.230678 -0.056983 0.012764 -0.012213 -0.012213 -0.012213 0.216358 0.210121 -0.056758 -0.052690 0.032869 -0.002335
-0.053139 0.186848 -0.020478 -0.054839 0.207819 -0.020564 0.001739 0.001739 0.001739 -0.027266 -0.082466 0.167843 0.220457 -0.030815 -0.014612
0.015619 -0.020478 0.070590 0.017772 -0.020418 0.086232 0.000582 0.000582 0.000582 0.022568 0.009590 -0.015182 -0.027084 0.084439 0.067007
0.230678 -0.054839 0.017772 0.315493 -0.058454 0.018858 -0.013981 -0.013981 -0.013981 0.243829 0.236466 -0.061558 -0.053529 0.036360 -0.001844
-0.056983 0.207819 -0.020418 -0.058454 0.240068 -0.018401 0.001396 0.001396 0.001396 -0.021863 -0.091674 0.188769 0.243351 -0.030891 -0.014801
0.012764 -0.020564 0.086232 0.018858 -0.018401 0.122679 0.001826 0.001826 0.001826 0.027475 -0.000225 -0.013329 -0.028672 0.098702 0.082995
-0.012213 0.001739 0.000582 -0.013981 0.001396 0.001826 0.004657 0.004657 0.004657 -0.019476 -0.008669 0.003197 -0.000152 -0.002813 0.003743
-0.012213 0.001739 0.000582 -0.013981 0.001396 0.001826 0.004657 0.004657 0.004657 -0.019476 -0.008669 0.003197 -0.000152 -0.002813 0.003743
-0.012213 0.001739 0.000582 -0.013981 0.001396 0.001826 0.004657 0.004657 0.004657 -0.019476 -0.008669 0.003197 -0.000152 -0.002813 0.003743
0.216358 -0.027266 0.022568 0.243829 -0.021863 0.027475 -0.019476 -0.019476 -0.019476 0.343601 0.161330 -0.030893 -0.021268 0.049848 -0.006029
0.210121 -0.082466 0.009590 0.236466 -0.091674 -0.000225 -0.008669 -0.008669 -0.008669 0.161330 0.292324 -0.086670 -0.085570 0.023212 -0.005758
-0.056758 0.167843 -0.015182 -0.061558 0.188769 -0.013329 0.003197 0.003197 0.003197 -0.030893 -0.086670 0.175735 0.178380 -0.020901 -0.013126
-0.052690 0.220457 -0.027084 -0.053529 0.243351 -0.028672 -0.000152 -0.000152 -0.000152 -0.021268 -0.085570 0.178380 0.282513 -0.039937 -0.019291
0.032869 -0.030815 0.084439 0.036360 -0.030891 0.098702 -0.002813 -0.002813 -0.002813 0.049848 0.023212 -0.020901 -0.039937 0.132773 0.054950
-0.002335 -0.014612 0.067007 -0.001844 -0.014801 0.082995 0.003743 0.003743 0.003743 -0.006029 -0.005758 -0.013126 -0.019291 0.054950 0.095172
Classe 1: 
Mean: 
-0.386991 -0.054877 -0.032712 -0.455389 -0.099933 -0.105304 -0.946610 -0.946610 -0.946610 -0.589634 -0.237232 -0.422350 0.273006 -0.445845 0.322878
Covariance: 
0.091087 -0.034748 0.006518 0.095631 -0.044555 0.000303 -0.001401 -0.001401 -0.001401 0.073189 0.122124 -0.039204 -0.039289 -0.005665 0.015611
-0.034748 0.125546 -0.012481 -0.037683 0.136749 -0.012621 0.008130 0.008130 0.008130 -0.022065 -0.052227 0.105548 0.162042 -0.019636 -0.007129
0.006518 -0.012481 0.075069 0.001176 -0.010490 0.087663 0.001462 0.001462 0.001462 0.004028 0.009299 0.002580 -0.028969 0.072703 0.091532
0.095631 -0.037683 0.001176 0.117066 -0.049113 -0.005074 -0.003147 -0.003147 -0.003147 0.087830 0.117497 -0.040303 -0.044172 -0.009066 0.007134
-0.044555 0.136749 -0.010490 -0.049113 0.156635 -0.008339 0.009204 0.009204 0.009204 -0.027410 -0.066842 0.119680 0.174859 -0.014838 -0.007096
0.000303 -0.012621 0.087663 -0.005074 -0.008339 0.111054 0.000383 0.000383 0.000383 0.003213 -0.002867 0.009933 -0.035967 0.092048 0.100174
-0.001401 0.008130 0.001462 -0.003147 0.009204 0.000383 0.003436 0.003436 0.003436 -0.004661 0.000150 0.005129 0.013169 -0.001530 0.004795
-0.001401 0.008130 0.001462 -0.003147 0.009204 0.000383 0.003436 0.003436 0.003436 -0.004661 0.000150 0.005129 0.013169 -0.001530 0.004795
-0.001401 0.008130 0.001462 -0.003147 0.009204 0.000383 0.003436 0.003436 0.003436 -0.004661 0.000150 0.005129 0.013169 -0.001530 0.004795
0.073189 -0.022065 0.004028 0.087830 -0.027410 0.003213 -0.004661 -0.004661 -0.004661 0.084194 0.078240 -0.019174 -0.031438 -0.001755 0.008020
0.122124 -0.052227 0.009299 0.117497 -0.066842 -0.002867 0.000150 0.000150 0.000150 0.078240 0.202921 -0.062174 -0.055774 -0.010662 0.025171
-0.039204 0.105548 0.002580 -0.040303 0.119680 0.009933 0.005129 0.005129 0.005129 -0.019174 -0.062174 0.109312 0.119079 0.006389 0.001737
-0.039289 0.162042 -0.028969 -0.044172 0.174859 -0.035967 0.013169 0.013169 0.013169 -0.031438 -0.055774 0.119079 0.228648 -0.045152 -0.018408
-0.005665 -0.019636 0.072703 -0.009066 -0.014838 0.092048 -0.001530 -0.001530 -0.001530 -0.001755 -0.010662 0.006389 -0.045152 0.090463 0.069455
0.015611 -0.007129 0.091532 0.007134 -0.007096 0.100174 0.004795 0.004795 0.004795 0.008020 0.025171 0.001737 -0.018408 0.069455 0.136724
Classe 2: 
Mean: 
-0.246180 -0.572124 0.158870 -0.303980 -0.664290 0.052954 -0.898144 -0.898144 -0.898144 -0.654874 0.110479 -0.856374 -0.375756 -0.293776 0.608794
Covariance: 
0.151022 0.005329 0.006434 0.201011 0.006370 0.017417 0.002630 0.002630 0.002630 0.138897 0.210074 -0.001758 0.010283 0.005592 0.007625
0.005329 0.042660 0.000898 0.004827 0.040153 0.002253 -0.002929 -0.002929 -0.002929 0.015211 -0.001991 0.019443 0.065675 -0.008582 0.007953
0.006434 0.000898 0.035754 0.005709 0.001292 0.044793 0.001582 0.001582 0.001582 0.011761 0.004920 0.001202 0.001656 0.033799 0.044678
0.201011 0.004827 0.005709 0.327657 0.007417 0.021156 0.000880 0.000880 0.000880 0.198295 0.250706 -0.002391 0.010593 0.007107 0.006037
0.006370 0.040153 0.001292 0.007417 0.042659 0.002370 -0.002913 -0.002913 -0.002913 0.019899 -0.003611 0.019814 0.060922 -0.007205 0.008107
0.017417 0.002253 0.044793 0.021156 0.002370 0.076434 0.000729 0.000729 0.000729 0.016526 0.028141 0.001719 0.003266 0.046885 0.047795
0.002630 -0.002929 0.001582 0.000880 -0.002913 0.000729 0.002813 0.002813 0.002813 -0.001969 0.005599 -0.002325 -0.004345 0.001354 0.002708
0.002630 -0.002929 0.001582 0.000880 -0.002913 0.000729 0.002813 0.002813 0.002813 -0.001969 0.005599 -0.002325 -0.004345 0.001354 0.002708
0.002630 -0.002929 0.001582 0.000880 -0.002913 0.000729 0.002813 0.002813 0.002813 -0.001969 0.005599 -0.002325 -0.004345 0.001354 0.002708
0.138897 0.015211 0.011761 0.198295 0.019899 0.016526 -0.001969 -0.001969 -0.001969 0.225248 0.126380 0.004665 0.025460 0.007969 0.017426
0.210074 -0.001991 0.004920 0.250706 -0.003611 0.028141 0.005599 0.005599 0.005599 0.126380 0.397278 -0.007672 0.000181 0.007136 0.006573
-0.001758 0.019443 0.001202 -0.002391 0.019814 0.001719 -0.002325 -0.002325 -0.002325 0.004665 -0.007672 0.015932 0.025045 -0.002059 0.002374
0.010283 0.065675 0.001656 0.010593 0.060922 0.003266 -0.004345 -0.004345 -0.004345 0.025460 0.000181 0.025045 0.108368 -0.012819 0.011963
0.005592 -0.008582 0.033799 0.007107 -0.007205 0.046885 0.001354 0.001354 0.001354 0.007969 0.007136 -0.002059 -0.012819 0.050888 0.022921
0.007625 0.007953 0.044678 0.006037 0.008107 0.047795 0.002708 0.002708 0.002708 0.017426 0.006573 0.002374 0.011963 0.022921 0.099326
